0 0.16484238178633973 0.903677758318739 0.16943957968476353 0.1716287215411558
0 0.5418126094570929 0.9325744308231174 0.1037653239929947 0.11383537653239927
0 0.7907180385288968 0.926444833625219 0.11821366024518383 0.10858143607705785
0 0.07946584938704027 0.6015761821366025 0.08800350262697021 0.10332749562171628
0 0.11887040280210157 0.5866900175131348 0.06436077057793345 0.049036777583187356
0 0.061077057793345005 0.23467600700525396 0.10639229422066548 0.09807355516637482
0 0.5043782837127846 0.26357267950963226 0.10770577933450091 0.11383537653239933
0 0.47745183887915943 0.6129597197898424 0.09325744308231172 0.09807355516637478
0 0.8314360770577932 0.5735551663747815 0.13134851138353779 0.11733800350262728
0 0.9063047285464098 0.18388791593695275 0.06830122591943946 0.10157618213660247
