0 0.24102451838879158 0.4395796847635727 0.05122591943957964 0.10858143607705785
0 0.13331873905429073 0.06654991243432574 0.03283712784588442 0.04903677758318739
0 0.21606830122591944 0.8861646234676007 0.03809106830122591 0.09807355516637471
0 0.29553415061295973 0.9728546409807356 0.03677758318739048 0.054290718038528925
0 0.14842381786339753 0.2924693520140104 0.04728546409807354 0.09457092819614708
0 0.5766199649737302 0.10507880910683014 0.03940455341506137 0.09457092819614711
0 0.4492119089316987 0.4036777583187391 0.01838879159369526 0.04028021015761823
0 0.5621716287215412 0.521015761821366 0.01838879159369533 0.03677758318739052
0 0.4905866900175131 0.7749562171628722 0.032837127845884384 0.08931698774080558
0 0.5549474605954465 0.809106830122592 0.038091068301225876 0.09807355516637487
0 0.9345446584938703 0.8108581436077056 0.04071803852889653 0.09457092819614714
0 0.7211033274956216 0.5166374781085814 0.042031523642732084 0.10858143607705775
0 0.7204465849387041 0.14973730297723292 0.04334500875656744 0.0683012259194396
0 0.8944833625218913 0.11208406304728546 0.01576182136602455 0.04203152364273205
0 0.8314360770577933 0.4605954465849387 0.01576182136602455 0.0315236427320491
0 0.8504816112084064 0.4605954465849387 0.014448336252189194 0.0315236427320491
0 0.947679509632224 0.5166374781085814 0.014448336252189052 0.035026269702276736
0 0.9306042031523643 0.5183887915936952 0.014448336252189194 0.028021015761821387
