0 0.5175131348511384 0.4395796847635727 0.06567425569176877 0.08056042031523646
0 0.18126094570928195 0.8222416812609457 0.04728546409807354 0.05779334500875649
0 0.06961471103327495 0.7907180385288968 0.03152364273204902 0.029772329246935243
0 0.17469352014010509 0.7443082311733801 0.007880910683012275 0.010507880910682985
0 0.13266199649737304 0.7390542907180385 0.010507880910683021 0.014010507880910836
0 0.5135726795096321 0.8467600700525395 0.01576182136602455 0.026269702276707534
0 0.5306479859894921 0.8257443082311733 0.013134851138353696 0.019264448336252116
0 0.9063047285464098 0.45359019264448336 0.04465849387040279 0.03852889667250437
0 0.9792031523642731 0.49036777583187385 0.02232924693520147 0.035026269702276666
0 0.7894045534150612 0.4623467600700525 0.01576182136602455 0.02451838879159375
0 0.4827057793345009 0.754816112084063 0.014448336252189194 0.02451838879159382
0 0.5234238178633975 0.7618213660245183 0.014448336252189265 0.01751313485113826
0 0.88922942206655 0.1777583187390543 0.023642732049036823 0.026269702276707534
0 0.9109019264448335 0.06304728546409807 0.006567425569176919 0.014010507880910685
0 0.5569176882661996 0.169877408056042 0.023642732049036823 0.03152364273204901
0 0.5936952714535901 0.1838879159369527 0.023642732049036753 0.03852889667250437
0 0.1333187390542907 0.36077057793345013 0.01444833625218914 0.024518388791593678
0 0.1103327495621716 0.1593695271453589 0.023642732049036764 0.03152364273204902
0 0.14316987740805598 0.09019264448336248 0.01838879159369526 0.022767075306479864
0 0.09260070052539404 0.10070052539404553 0.01444833625218914 0.019264448336252186
0 0.2239492119089317 0.07530647985989491 0.00919439579684763 0.01751313485113835
0 0.748029772329247 0.44833625218914186 0.017075306479859904 0.02101576182136597
0 0.9759194395796846 0.44220665499124345 0.01576182136602455 0.026269702276707534
0 0.9338879159369526 0.8800350262697023 0.02101576182136597 0.019264448336252116
0 0.9759194395796846 0.8327495621716287 0.01576182136602455 0.019264448336252116
0 0.34084938704028017 0.7907180385288968 0.014448336252189194 0.015761821366024407
0 0.5989492119089317 0.7197898423817864 0.007880910683012204 0.010507880910682985
0 0.7985989492119089 0.7521891418563922 0.015761821366024407 0.015761821366024407
0 0.7263572679509632 0.7443082311733801 0.010507880910683127 0.01751313485113826
